4,34,321,64,299,80,330,136,308,blue.
4,170,366,125,385,93,368,51,381,blue.
4,24,425,51,412,143,432,152,409,blue.
4,131,333,206,330,225,368,283,333,blue.
4,215,291,272,304,316,282,377,310,blue.
4,248,412,284,392,316,425,407,395,blue.
4,869,316,794,326,731,304,694,333,blue.
4,700,415,647,391,584,422,492,403,blue.
4,327,451,409,438,451,459,504,440,blue.
4,100,457,162,446,176,471,275,441,blue.
4,712,388,835,373,876,395,888,376,blue.
4,640,451,747,433,775,456,820,435,blue.
1,392,377,696,376,black.
1,392,377,694,376,black.
1,392,375,326,284,black.
4,328,286,269,273,304,246,719,264,black.
1,331,286,708,281,black.
1,698,377,710,282,black.
4,342,286,334,270,358,266,716,270,black.
1,708,304,708,304,black.
1,748,391,748,391,black.
1,707,308,707,308,black.
1,707,316,752,396,black.
1,752,396,716,395,black.
1,716,395,701,368,black.
1,720,263,709,283,black.
1,388,370,699,367,black.
1,383,363,700,359,black.
1,701,349,375,352,black.
1,369,344,703,341,black.
1,703,333,362,335,black.
1,355,325,704,322,black.
1,706,314,348,315,black.
1,343,308,707,305,black.
1,707,294,336,300,black.
1,355,286,339,300,black.
1,383,286,345,310,black.
1,402,287,355,324,black.
1,426,286,363,334,black.
1,455,285,372,345,black.
1,474,287,377,354,black.
1,502,284,383,363,black.
1,553,284,389,372,black.
1,591,284,392,376,black.
2,617,334,18,black.
2,619,335,9,black.
2,666,332,22,black.
2,666,334,11,black.
2,572,332,10,black.
2,572,332,13,black.
1,465,280,465,237,black.
1,466,239,465,278,green.
1,466,238,465,277,green.
2,464,225,11,green.
1,463,248,432,265,green.
1,464,251,456,274,green.
2,451,275,6,black.
2,448,285,6,black.
2,444,293,5,black.
2,440,300,5,black.
2,436,308,4,black.
2,434,317,6,black.
2,431,325,6,black.
2,427,335,6,black.
2,422,345,4,black.
2,417,353,6,black.
2,409,362,7,black.
2,400,372,9,black.
2,396,384,6,black.
2,393,391,7,black.
2,391,402,6,black.
2,388,412,4,black.
1,388,417,388,455,black.
4,354,439,389,463,389,463,422,438,black.
1,353,438,389,462,black.
1,389,462,422,436,black.
1,554,278,553,60,black.
4,554,62,546,61,543,64,552,67,black.
4,552,67,561,68,567,62,555,62,black.
1,553,69,749,134,yellow.
1,749,134,555,194,yellow.
