4,40,304,89,272,148,325,235,289,black.
4,88,378,171,375,176,396,247,373,black.
4,263,318,320,336,454,300,573,326,black.
4,433,293,531,273,551,297,646,268,black.
4,627,310,755,294,769,335,831,317,black.
4,637,430,692,419,728,442,804,422,black.
1,261,350,695,349,black.
1,693,350,629,455,black.
1,670,389,711,468,black.
1,711,468,636,449,black.
1,629,453,337,456,black.
1,337,455,262,351,black.
1,486,348,471,103,black.
4,470,104,459,102,479,93,471,103,black.
4,473,105,595,143,593,197,626,199,black.
4,626,199,596,241,676,246,660,266,black.
4,660,266,660,266,572,250,530,275,black.
4,530,273,502,272,495,293,484,299,black.
2,345,408,360,417,black.
2,413,404,432,415,black.
2,488,401,506,414,black.
2,566,398,588,411,black.
4,45,439,94,414,132,449,232,450,black.
